mimo = [28.203256130218506,29.796597957611084,26.367104053497314,27.574849128723145,28.815438747406006,28.87958526611328,28.55092763900757,29.394237995147705,28.41442346572876,28.67137908935547,29.443295001983643,28.5945725440979,27.136428356170654,29.41887855529785,28.95643949508667,28.398475646972656,28.87049674987793,28.5727596282959,28.784706592559814,28.98573637008667,28.664915561676025,29.41896915435791,30.04232883453369,28.768725395202637,28.90897512435913,28.268897533416748,29.253661632537842,28.699932098388672,29.193241596221924,28.925933837890625,27.76005506515503,29.315314292907715,28.606975078582764,28.575263023376465,29.24764394760132,28.96958351135254,29.18705940246582,29.300928115844727,28.658535480499268,28.974924087524414,28.794748783111572,28.621315956115723,28.524699211120605,29.192256927490234,29.137821197509766,20.365285873413086,30.0494647026062,28.099935054779053,28.976013660430908,29.150915145874023,28.61842632293701,29.204905033111572,27.805485725402832,29.144961833953857,28.025085926055908,29.18999433517456,28.55522632598877,29.18004274368286,28.37449312210083,29.107332229614258,29.25121784210205,29.04442548751831,29.03278350830078,27.932567596435547,29.29954767227173,29.449117183685303,28.940470218658447,29.108264446258545,28.526411056518555,29.10337209701538,28.593637943267822,29.461359977722168,28.966646194458008,29.231817722320557,28.400020599365234,29.24363613128662,28.65657091140747,27.833805084228516,28.362739086151123,28.95803451538086,28.971893787384033,29.177236557006836,29.487857818603516,28.259170055389404,29.13675308227539,28.629801273345947,29.199471473693848,29.503839015960693,29.432859420776367,29.54089641571045,29.707796573638916,29.114089012145996,27.93297052383423,28.535196781158447,29.384450912475586,29.460840225219727,28.29491138458252,28.415236473083496,28.46500873565674,28.095204830169678,28.21422815322876,29.003026485443115,29.204673767089844,28.263874053955078,27.74404287338257,28.663668632507324,29.222984313964844,28.443574905395508,28.764822483062744,28.38109016418457,28.47015380859375,27.665245532989502,28.68299961090088,29.16025400161743,29.196572303771973,29.607279300689697,29.23881769180298,28.588030338287354,28.4442138671875,26.982438564300537,29.80520009994507,28.80697011947632,28.987197875976562,19.921399354934692,28.355097770690918,29.195656776428223,29.395170211791992,27.258949279785156,28.646259307861328,29.11412477493286,29.233226776123047,28.84021759033203,28.61893892288208,28.98277997970581,28.26711893081665,28.73697519302368,28.950693607330322,20.27871608734131,28.883540630340576,29.51077699661255,28.752727508544922,28.92125129699707,28.050103187561035,29.031896591186523,26.864631175994873,27.228634357452393,29.727578163146973,28.671672344207764,25.441865921020508,29.244966506958008,28.16781997680664,29.803879261016846,29.038119316101074,29.210965633392334,29.52263116836548,28.6657977104187,28.45201015472412,28.86754274368286,29.65973138809204,29.721601009368896,28.184807300567627,28.999886512756348,27.927496433258057,28.573389053344727,28.876347541809082,29.18182134628296,28.938276767730713,27.12632179260254,30.02338409423828,28.58368158340454,29.21888828277588,20.127503871917725,29.166254997253418,29.19168472290039,29.001760482788086,29.05177593231201,28.4281587600708,26.43167018890381,29.09842014312744,29.010684490203857,28.408496379852295,29.561431407928467,29.35218095779419,29.08635377883911,28.69558334350586,29.006330966949463,27.458817958831787,28.80011558532715,27.96213388442993,28.420748710632324,29.167697429656982,30.237691402435303,28.117892742156982,28.85920286178589,28.153562545776367,28.261187076568604,29.661917686462402,29.23985242843628,28.28928232192993,29.472684860229492,28.96108627319336,28.266854286193848,29.52174425125122,29.06578779220581,28.801569938659668,28.919241428375244,27.524733543395996,28.96341323852539,29.003050327301025,28.825910091400146,29.254610538482666,28.98132085800171,28.945326805114746,28.979599475860596,29.68801498413086,28.303284645080566,29.072296619415283,28.44925880432129,29.421474933624268,28.91129970550537,29.699671268463135,28.693182468414307,29.33734893798828,29.448485374450684,28.519604206085205,29.525578022003174,28.16943883895874,29.031763076782227,28.525419235229492,27.578411102294922,28.68673086166382,29.082562923431396,29.045555591583252,29.23238754272461,29.267477989196777,28.76584768295288,29.159932136535645,28.286428451538086,28.260197639465332,29.329700469970703,28.91437292098999,29.045403003692627,27.74420738220215,29.126510620117188,29.027955532073975,29.42429542541504,29.044339656829834,28.868224620819092,28.798539638519287,29.39868450164795,29.3259859085083,28.5857892036438,28.99174213409424,28.659162521362305,28.105714321136475,29.027259349822998,28.58741044998169,27.674119472503662,29.51878786087036,28.436014652252197,29.189796447753906,29.21342372894287,28.403685092926025,29.30891990661621,28.545308113098145,29.407894611358643,28.712353706359863,29.616258144378662,27.297029495239258,28.75009536743164,27.871434688568115,29.161968231201172,28.466527462005615,28.321032524108887,29.205665588378906,28.93273115158081,29.05324697494507,29.389536380767822,28.342440128326416,29.601330757141113,29.014365673065186,27.968721389770508,28.26913356781006,28.588109016418457,28.735992908477783,29.74562644958496,29.51974630355835,29.302029609680176,20.02946138381958,29.06198740005493,28.493592739105225,29.075117111206055,28.030648231506348,28.672404289245605,28.80840539932251,28.51423740386963,28.89003276824951,20.27900457382202,28.56893539428711,28.719403743743896,29.10395860671997,28.114686012268066,28.167734146118164,20.252997875213623,28.385403156280518,28.650119304656982,29.119725227355957,27.849533557891846,26.782245635986328,26.852571964263916,28.668944835662842,28.220529556274414,28.66245746612549,27.81459331512451,29.55245018005371,27.93095588684082,28.69265079498291,28.823096752166748,28.365819454193115,29.00871753692627,28.80932092666626,29.678492546081543,28.898892402648926,28.708243370056152,28.787999153137207,27.963902950286865,29.16771650314331,28.86180877685547,29.19793128967285,28.869681358337402,29.192194938659668,28.784620761871338,29.345178604125977,28.33465337753296,29.33216094970703,28.98430109024048,28.99674892425537,29.69050645828247,29.14142608642578,28.879032135009766,28.06208848953247,29.871060848236084,28.916795253753662,29.252326488494873,28.442494869232178,29.15534019470215,29.104387760162354,29.084672927856445,28.294789791107178,28.43522310256958,29.57951784133911,29.080898761749268,29.999866485595703,28.828349113464355,28.445124626159668,29.00799036026001,29.09198522567749,28.386385440826416,28.851218223571777,29.74402904510498,28.921570777893066,28.337297439575195,28.373711109161377,28.902299404144287,29.36241626739502,28.790676593780518,28.822531700134277,29.23121452331543,29.325385093688965,29.59702968597412,28.256516456604004,28.024654388427734,28.7753963470459,28.782424926757812,25.317318439483643,28.872497081756592,28.683223724365234,29.201231002807617,28.79141330718994,29.435553550720215,28.994436264038086,28.577263355255127,28.374102115631104,28.27244281768799,28.719613552093506,29.36378002166748,25.697622299194336,28.81810188293457,29.08691644668579,29.033920764923096,28.039374351501465,27.97151803970337,28.24925184249878,29.668846130371094,25.59323787689209,29.79886770248413,28.848047256469727,28.665151596069336,29.353904724121094,26.633918285369873,29.354572296142578,29.07155990600586,29.278807640075684,20.009746551513672,28.84096622467041,28.153209686279297,29.82231855392456,29.79527711868286,28.98986577987671,29.15452480316162,29.107224941253662,28.746838569641113,27.905738353729248,28.62410068511963,28.453893661499023,28.687493801116943,29.969661235809326,27.99351692199707,28.972151279449463,28.507966995239258,29.07474994659424,29.860644340515137,29.54822540283203,28.676230907440186,28.25267791748047,29.638779163360596,29.078876972198486,29.435794353485107,28.799009323120117,